COVARIANCE MATRIX CALCULATED SUCCESSFULLY
 FCN=-274055 FROM HESSE     STATUS=OK             52 CALLS         141 TOTAL
                     EDM=1.85473e-06    STRATEGY= 1      ERROR MATRIX ACCURATE 
  EXT PARAMETER                                INTERNAL      INTERNAL  
  NO.   NAME      VALUE            ERROR       STEP SIZE       VALUE   
   1  N_bkgr_Bs    2.36557e+04   1.68391e+02   4.05278e-04  -5.54933e-01
   2  N_sig_Bs     3.20331e+03   8.89438e+01   5.16866e-04  -1.21090e+00
   3  fr_Bs        6.45048e-01   8.97009e-02   9.55958e-03   2.94327e-01
   4  mean_Bs      5.36672e+00   2.43521e-04   8.51968e-04   2.25776e-01
   5  sigma_Bs_1   1.19385e-02   9.81318e-04   3.35961e-03  -5.86598e-01
   6  sigma_Bs_2   5.34988e-03   5.92657e-04   3.10689e-03  -9.65711e-01
                               ERR DEF= 0.5
 EXTERNAL ERROR MATRIX.    NDIM=  25    NPAR=  6    ERR DEF=0.5
  2.836e+04 -4.703e+03  7.368e-01 -1.376e-04 -3.093e-02 -4.520e-03 
 -4.703e+03  7.911e+03 -7.385e-01  1.379e-04  3.098e-02  4.527e-03 
  7.368e-01 -7.385e-01  8.142e-03 -6.715e-07 -7.194e-05 -4.531e-05 
 -1.376e-04  1.379e-04 -6.715e-07  5.930e-08  8.324e-09  3.940e-09 
 -3.093e-02  3.098e-02 -7.194e-05  8.324e-09  9.637e-07  3.532e-07 
 -4.520e-03  4.527e-03 -4.531e-05  3.940e-09  3.532e-07  3.515e-07 
 PARAMETER  CORRELATION COEFFICIENTS  
       NO.  GLOBAL      1      2      3      4      5      6
        1  0.33851   1.000 -0.314  0.048 -0.003 -0.187 -0.045
        2  0.54191  -0.314  1.000 -0.092  0.006  0.355  0.086
        3  0.93657   0.048 -0.092  1.000 -0.031 -0.812 -0.847
        4  0.03647  -0.003  0.006 -0.031  1.000  0.035  0.027
        5  0.87599  -0.187  0.355 -0.812  0.035  1.000  0.607
        6  0.86282  -0.045  0.086 -0.847  0.027  0.607  1.000



~~~~~~~~~~~~~~~~~~~~~~~~~~~~~~~~~~~~~~~~~~~~~~~~~~~~~~~~~~~~~~~~~~~~~~~~~~~~~~~~~~~~~


COVARIANCE MATRIX CALCULATED SUCCESSFULLY
 FCN=-34610.1 FROM HESSE     STATUS=OK             98 CALLS         250 TOTAL
                     EDM=0.000424298    STRATEGY= 1      ERROR MATRIX ACCURATE 
  EXT PARAMETER                                INTERNAL      INTERNAL  
  NO.   NAME      VALUE            ERROR       STEP SIZE       VALUE   
   1  N_bkgr_phi   2.98594e-08   2.48536e+01   7.99249e-04  -1.57080e+00
                                 WARNING -   - ABOVE PARAMETER IS AT LIMIT.
   2  N_sig_phi    3.20321e+03   5.65998e+01   8.25840e-05  -1.21091e+00
   3  alpha_phi_1  -1.85052e+00   1.41756e-01   2.02119e-04   6.81440e-01
   4  alpha_phi_2   2.42782e+00   1.08306e-01   7.79798e-02  -5.40369e-01
   5  fr_phi       9.61677e-01   4.89763e-03   9.76820e-05   1.17672e+00
   6  mean_phi     1.01954e+00   7.99137e-05   3.37266e-04  -9.24326e-02
   7  n_phi_1      4.74251e-01   1.18673e-01   6.34658e-05  -1.13624e+00
   8  n_phi_2      1.00000e-02   4.60311e-02   3.47920e-03  -1.57080e+00
                                 WARNING -   - ABOVE PARAMETER IS AT LIMIT.
   9  sigmaCB_phi_1   1.92759e-03   1.01655e-04   1.49375e-05  -1.44654e+00
  10  sigmaCB_phi_2   1.03087e-02   4.52317e-04   1.70550e-02  -1.28262e+00
                               ERR DEF= 0.5
 EXTERNAL ERROR MATRIX.    NDIM=  25    NPAR= 10    ERR DEF=0.5
  2.969e-06 -1.060e-03  1.008e-06  1.478e-08  4.878e-08 -1.401e-10  1.509e-06 -1.646e-15 -3.085e-11  9.740e-10 
 -1.060e-03  3.204e+03 -3.615e-04 -5.324e-06 -1.744e-05  5.037e-08 -5.404e-04  5.883e-13  1.130e-08 -3.489e-07 
  1.008e-06 -3.615e-04  2.010e-02  2.995e-04  2.597e-04 -5.606e-06  1.638e-02 -6.893e-12 -3.260e-06  1.057e-05 
  1.478e-08 -5.324e-06  2.995e-04  1.173e-02  6.279e-05  2.231e-07  4.095e-04 -7.403e-12  5.694e-07  1.364e-05 
  4.878e-08 -1.744e-05  2.597e-04  6.279e-05  2.399e-05 -1.025e-07  2.107e-04 -5.110e-13  1.458e-08  1.298e-06 
 -1.401e-10  5.037e-08 -5.606e-06  2.231e-07 -1.025e-07  6.387e-09 -4.347e-06  3.747e-15  2.674e-09 -7.488e-10 
  1.509e-06 -5.404e-04  1.638e-02  4.095e-04  2.107e-04 -4.347e-06  1.410e-02 -5.612e-12 -3.081e-06  1.039e-05 
 -1.646e-15  5.883e-13 -6.893e-12 -7.403e-12 -5.110e-13  3.747e-15 -5.612e-12  9.082e-16 -2.240e-15 -4.805e-14 
 -3.085e-11  1.130e-08 -3.260e-06  5.694e-07  1.458e-08  2.674e-09 -3.081e-06 -2.240e-15  1.033e-08  9.677e-09 
  9.740e-10 -3.489e-07  1.057e-05  1.364e-05  1.298e-06 -7.488e-10  1.039e-05 -4.805e-14  9.677e-09  2.046e-07 
 PARAMETER  CORRELATION COEFFICIENTS  
       NO.  GLOBAL      1      2      3      4      5      6      7      8      9     10
        1  0.02038   1.000 -0.011  0.004  0.000  0.006 -0.001  0.007 -0.000 -0.000  0.001
        2  0.01087  -0.011  1.000 -0.000 -0.000 -0.000  0.000 -0.000  0.000  0.000 -0.000
        3  0.97652   0.004 -0.000  1.000  0.020  0.374 -0.495  0.973 -0.002 -0.226  0.165
        4  0.28487   0.000 -0.000  0.020  1.000  0.118  0.026  0.032 -0.002  0.052  0.278
        5  0.66706   0.006 -0.000  0.374  0.118  1.000 -0.262  0.362 -0.003  0.029  0.586
        6  0.57377  -0.001  0.000 -0.495  0.026 -0.262  1.000 -0.458  0.002  0.329 -0.021
        7  0.97579   0.007 -0.000  0.973  0.032  0.362 -0.458  1.000 -0.002 -0.255  0.193
        8  0.00435  -0.000  0.000 -0.002 -0.002 -0.003  0.002 -0.002  1.000 -0.001 -0.004
        9  0.46488  -0.000  0.000 -0.226  0.052  0.029  0.329 -0.255 -0.001  1.000  0.210
       10  0.67134   0.001 -0.000  0.165  0.278  0.586 -0.021  0.193 -0.004  0.210  1.000

