
~~~~~~~~~~~~~~~~~~~~~~~~~~~~~
MC phi with free parameters: 
~~~~~~~~~~~~~~~~~~~~~~~~~~~~~

 COVARIANCE MATRIX CALCULATED SUCCESSFULLY
 FCN=-461052 FROM HESSE     STATUS=OK            102 CALLS         537 TOTAL
                     EDM=0.00930051    STRATEGY= 1      ERROR MATRIX ACCURATE 
  EXT PARAMETER                                INTERNAL      INTERNAL  
  NO.   NAME      VALUE            ERROR       STEP SIZE       VALUE   
   1  N_bkgr_phi   2.68655e+03   3.20057e+02   3.94689e-03  -1.10294e+00
   2  N_sig_phi    3.15137e+04   3.62552e+02   1.84781e-03  -3.78714e-01
   3  alpha_phi_1  -1.06440e+00   3.83706e-02   2.99851e-03   9.06156e-01
   4  alpha_phi_2   3.40618e+00   2.99053e-01   1.43862e-02  -3.24439e-01
   5  fr_phi       6.41319e-01   2.24520e-02   6.26890e-03   2.86544e-01
   6  mean_phi     1.01948e+00   2.09155e-05   1.80626e-03  -1.04601e-01
   7  n_phi_1      1.00000e+01   2.13058e+00   4.11845e-01   1.57060e+00
                                 WARNING -   - ABOVE PARAMETER IS AT LIMIT.
   8  n_phi_2      1.00001e-02   3.93850e-01   1.21586e-01  -1.57055e+00
                                 WARNING -   - ABOVE PARAMETER IS AT LIMIT.
   9  sigmaCB_phi_1   4.04437e-03   1.08208e-04   3.64302e-04  -1.39068e+00
  10  sigmaCB_phi_2   1.74197e-03   5.79643e-05   4.02393e-04  -1.45268e+00
                               ERR DEF= 0.5
 EXTERNAL ERROR MATRIX.    NDIM=  25    NPAR= 10    ERR DEF=0.5
  1.025e+05 -9.985e+04 -8.168e+00  7.280e+01  3.013e+00  8.588e-05 -5.594e-03  1.031e-01 -1.493e-02 -8.162e-03 
 -9.985e+04  1.314e+05  8.175e+00 -7.288e+01 -3.015e+00 -8.603e-05  5.598e-03 -1.032e-01  1.494e-02  8.169e-03 
 -8.168e+00  8.175e+00  1.472e-03 -7.170e-03 -3.326e-04 -1.730e-07 -8.871e-06 -9.605e-06  5.586e-07  1.009e-06 
  7.280e+01 -7.288e+01 -7.170e-03  8.955e-02  9.005e-04  4.629e-07 -3.877e-06  7.180e-05 -2.046e-07 -3.837e-06 
  3.013e+00 -3.015e+00 -3.326e-04  9.005e-04  5.045e-04 -8.419e-08  1.215e-06  1.240e-06 -2.065e-06 -1.153e-06 
  8.588e-05 -8.603e-05 -1.730e-07  4.629e-07 -8.419e-08  4.375e-10  6.000e-10  6.223e-10  5.835e-10  1.749e-10 
 -5.594e-03  5.598e-03 -8.871e-06 -3.877e-06  1.215e-06  6.000e-10  8.990e-07 -7.023e-09 -1.812e-09 -2.852e-09 
  1.031e-01 -1.032e-01 -9.605e-06  7.180e-05  1.240e-06  6.223e-10 -7.023e-09  2.374e-07 -1.868e-09 -4.986e-09 
 -1.493e-02  1.494e-02  5.586e-07 -2.046e-07 -2.065e-06  5.835e-10 -1.812e-09 -1.868e-09  1.171e-08  4.320e-09 
 -8.162e-03  8.169e-03  1.009e-06 -3.837e-06 -1.153e-06  1.749e-10 -2.852e-09 -4.986e-09  4.320e-09  3.360e-09 
 PARAMETER  CORRELATION COEFFICIENTS  
       NO.  GLOBAL      1      2      3      4      5      6      7      8      9     10
        1  0.95504   1.000 -0.860 -0.665  0.760  0.419  0.013 -0.018  0.661 -0.431 -0.440
        2  0.86313  -0.860  1.000  0.588 -0.672 -0.370 -0.011  0.016 -0.584  0.381  0.389
        3  0.85782  -0.665  0.588  1.000 -0.624 -0.386 -0.216 -0.244 -0.514  0.135  0.454
        4  0.87393   0.760 -0.672 -0.624  1.000  0.134  0.074 -0.014  0.492 -0.006 -0.221
        5  0.95838   0.419 -0.370 -0.386  0.134  1.000 -0.179  0.057  0.113 -0.850 -0.886
        6  0.40146   0.013 -0.011 -0.216  0.074 -0.179  1.000  0.030  0.061  0.258  0.144
        7  0.40379  -0.018  0.016 -0.244 -0.014  0.057  0.030  1.000 -0.015 -0.018 -0.052
        8  0.76108   0.661 -0.584 -0.514  0.492  0.113  0.061 -0.015  1.000 -0.035 -0.177
        9  0.94688  -0.431  0.381  0.135 -0.006 -0.850  0.258 -0.018 -0.035  1.000  0.689
       10  0.89985  -0.440  0.389  0.454 -0.221 -0.886  0.144 -0.052 -0.177  0.689  1.000


~~~~~~~~~~~~~~~~~~~~~~~~~~~~~
MC phi with fixed parameters: 
~~~~~~~~~~~~~~~~~~~~~~~~~~~~~

COVARIANCE MATRIX CALCULATED SUCCESSFULLY
 FCN=-475715 FROM HESSE     STATUS=OK             31 CALLS         190 TOTAL
                     EDM=1.08429e-05    STRATEGY= 1      ERROR MATRIX ACCURATE 
  EXT PARAMETER                                INTERNAL      INTERNAL  
  NO.   NAME      VALUE            ERROR       STEP SIZE       VALUE   
   1  N_bkgr_phi   3.04860e+03   1.16382e+02   1.58156e-04  -1.07179e+00
   2  N_sig_phi    3.21925e+04   2.06612e+02   7.56790e-05  -3.64144e-01
   3  a1_phi       3.83083e-02   7.97229e-02   3.45052e-04  -1.17680e+00
   4  a2_phi       2.94638e-02   6.17616e-02   3.01328e-04  -1.22579e+00
   5  mean_phi     1.01948e+00   1.96075e-05   3.64811e-04  -1.05120e-01
                               ERR DEF= 0.5
 EXTERNAL ERROR MATRIX.    NDIM=  25    NPAR=  5    ERR DEF=0.5
  1.355e+04 -1.050e+04 -1.860e-01 -1.657e-02 -9.654e-05 
 -1.050e+04  4.269e+04  1.859e-01  1.653e-02  9.652e-05 
 -1.860e-01  1.859e-01  6.759e-03  5.192e-03  6.743e-09 
 -1.657e-02  1.653e-02  5.192e-03  3.997e-03 -8.391e-09 
 -9.654e-05  9.652e-05  6.743e-09 -8.391e-09  3.845e-10 
 PARAMETER  CORRELATION COEFFICIENTS  
       NO.  GLOBAL      1      2      3      4      5
        1  0.52127   1.000 -0.437 -0.019 -0.002 -0.042
        2  0.43940  -0.437  1.000  0.011  0.001  0.024
        3  0.99911  -0.019  0.011  1.000  0.999  0.004
        4  0.99910  -0.002  0.001  0.999  1.000 -0.007
        5  0.23844  -0.042  0.024  0.004 -0.007  1.000

